C_Opticharge_1
CUSTOMER
CUST NO.    XCOORD.               YCOORD.           DEMAND.  IDTYPEVEHICLE.  READYTIME.   DUEDATE.   SERVICETIME.

    0      36.753768         3.0587560999999823        0          1              0          1236          0
    1      36.753768         3.0587560999999823       10          2            912           967         90
    2      36.753768         3.0587560999999823       30          2            825           870         90
    3      35.9311454        0.09094140000001971      10          5             65           146         90
    4      36.753768         3.0587560999999823       10          6            727           782         90
    5      35.9311454        0.09094140000001971      10          6             15            67         90
    6      36.753768         3.0587560999999823       20          6            621           702         90
    7      36.753768         3.0587560999999823       20         10            170           225         90
    8      38.3459963        -0.4906855000000405      20         11            255           324         90
    9      36.753768         3.0587560999999823       10         11            534           605         90
   10      35.6987388        -0.6349318999999696      10         11            357           410         90
   11      36.1579664        1.3372822999999698       10         10            448           505         90
   12      36.753768         3.0587560999999823       20          9            652           721         90
   13      36.753768         3.0587560999999823       30          9             30            92         90
   14      36.753768         3.0587560999999823       10          7            567           620         90
   15      36.753768         3.0587560999999823       40          8            384           429         90
   16      36.753768         3.0587560999999823       40          8            475           528         90
   17      36.4735715        2.8323153000000048       20         10             99           148         90
   18      36.2637077        2.758785699999976        20         11            179           254         90
   19      36.7712246        3.0612244000000146       10         22            278           345         90
   20      36.3691846        3.9006193999999823       10          4             10            73         90
   21      36.4735715        2.8323153000000048       20          4            914           965         90
   22      36.3691846        3.9006193999999823       20          5            812           883         90
   23      36.5906718        2.4433722999999645       10          6            732           777         90
   24      36.3691846        3.9006193999999823       10          7             65           144         90
   25      36.753768         3.0587560999999823       40          7            169           224         90
   26      36.753768         3.0587560999999823       10          2            622           701         90
   27      36.753768         3.0587560999999823       10         10            261           316         90
   29      36.753768         3.0587560999999823       10          1            358           405         90
   30      35.9311454        0.09094140000001971      10          2            449           504         90
   31      36.753768         3.0587560999999823       20          3            200           237         90
   32      36.753768         3.0587560999999823       30          4             31           100         90
   28      35.9311454        0.09094140000001971      20          5            546           593         90
   33      38.3459963        -0.4906855000000405      40          2             87           158         90
   34      36.753768         3.0587560999999823       20          2            751           816         90
   35      35.6987388        -0.6349318999999696      10          2            283           344         90
   36      36.1579664        1.3372822999999698       10          2            665           716         90
   37      36.753768         3.0587560999999823       20          4            383           434         90
   38      36.753768         3.0587560999999823       30          1            479           522         90
   39      36.753768         3.0587560999999823       20          2            567           624         90
   40      36.753768         3.0587560999999823       10          4            264           321         90
   41      36.753768         3.0587560999999823       10          4            166           235         90
   42      36.4735715        2.8323153000000048       20          5             68           149         90
   43      36.2637077        2.758785699999976        10          6             16            80         90
   44      36.7712246        3.0612244000000146       10          7            359           412         90
   45      36.3691846        3.9006193999999823       10          6            541           600         90
   46      36.4735715        2.8323153000000048       30         11            448           509         90
   47      36.3691846        3.9006193999999823       10         10           1054          1127         90
   48      36.5906718        2.4433722999999645       10         11            632           693         90
   49      36.3691846        3.9006193999999823       10          2           1001          1066         90
   50      36.753768         3.0587560999999823       10          3            815           880         90
   51      36.753768         3.0587560999999823       10          4            725           786         90
   52      36.753768         3.0587560999999823       10          5            912           969         90
   53      35.9311454        0.09094140000001971      20          6            286           347         90
   54      36.753768         3.0587560999999823       40          7            186           257         90
   55      35.9311454        0.09094140000001971      10          8             95           158         90
   56      36.753768         3.0587560999999823       30          4            385           436         90
   57      36.753768         3.0587560999999823       40          4             35            87         90
   58      38.3459963        -0.4906855000000405      30          1            471           534         90
   59      36.753768         3.0587560999999823       10          2            651           740         90
   60      35.6987388        -0.6349318999999696      20          3            562           629         90
   61      36.1579664        1.3372822999999698       10          4            531           610         90
   62      36.753768         3.0587560999999823       20          5            262           317         90
   63      36.753768         3.0587560999999823       50          6            171           218         90
   64      36.753768         3.0587560999999823       10          7            632           693         90
   65      36.753768         3.0587560999999823       10          8             76           129         90
   66      36.753768         3.0587560999999823       10          4            826           875         90
   67      36.4735715        2.8323153000000048       10          4             12            77         90
   68      36.2637077        2.758785699999976        10          4            734           777         90
   69      36.7712246        3.0587560999999823       10          2            916           969         90
   70      36.3691846        3.0587560999999823       30          3            387           456         90
   71      36.4735715        3.0587560999999823       20          4            293           360         90
   72      36.3691846        0.09094140000001971      10          5            450           505         90
   73      36.5906718        3.0587560999999823       10          6            478           551         90
   74      36.3691846        0.09094140000001971      50          7            353           412         90
   75      36.753768         3.0587560999999823       20          4            997          1068         90
   76      36.753768         3.0587560999999823       10         11            203           260         90
   77      36.753768         -0.4906855000000405      10         10            574           643         90
   78      35.9311454        3.0587560999999823       20         11            109           170         90
   79      36.753768         -0.6349318999999696      10          2            668           731         90
   80      35.9311454        1.3372822999999698       10          2            769           820         90
   81      36.753768         3.0587560999999823       30          4             47           124         90
   82      36.753768         3.0587560999999823       20          2            369           420         90
   83      38.3459963        3.0587560999999823       10          2            265           338         90
   84      36.753768         3.0587560999999823       20          4            458           523         90
   85      35.6987388        3.0587560999999823       30          4            555           612         90
   86      36.1579664        2.8323153000000048       10          4            173           238         90
   87      36.753768         2.758785699999976        20         10            85           144         90
   88      36.753768         3.0612244000000146       30         11            645           708         90
   89      36.753768         3.9006193999999823       10          2            737           802         90
   90      36.753768         2.8323153000000048       10          4             20            84         90
   91      36.753768         3.9006193999999823       10          4            836           889         90
   92      36.4735715        2.4433722999999645       20          4            368           441         90
   93      36.2637077        3.0587560999999823       40          6            475           518         90
   94      36.7712246        3.0587560999999823       10          7            285           336         90
   95      36.3691846        3.0587560999999823       30          8            196           239         90
   96      36.4735715        0.09094140000001971      10         10             95           156         90
   97      36.3691846        3.0587560999999823       30         10            561           622         90
   98      36.5906718        0.09094140000001971      20          4             30            84         90
   99      36.3691846        3.0587560999999823       10          4            743           820         90
  100      36.5906718        3.0587560999999823       20          4            647           726         90
